File	traces	size_class	max_Vm	time_of_max_Vm	area	half-width	max_rise_slope	time_of_max_rise_slope	var_time_max_rise_slope	max_decay_slope	time_of_max_decay_slope	Baseline	successes	failures	stim_V	stim_duration_ms	n_stimulations	n_events
10507005	13..46	1	9.74	29.9	633	55.9	1.87	13.7	2.15	-0.42	58.4	NA	29	1	4	1	30	26
10507005	47..61	2	19.6	24.6	1053	41.5	4.03	13.4	0.05	-0.6	38.9	NA	15	0	5	1	15	15
10507009	1..38	1	22.4	25.7	1290	45.7	4.76	13.9	0.04	-0.6	39.9	NA	36	2	0.9	1	38	33
10507009	39..70	2	55.3	20.6	2775	37.3	19.3	13.6	0.01	-1.4	29.5	NA	32	0	1.3	1	32	32
10507013	1..31	3	49.3	20.1	2217	35.2	15.75	13.1	0.03	-1.8	26.1	NA	31	0	1.3	1	31	31
10507013	32..62	2	19.5	22	916	37.4	5.34	13.1	0.07	-0.6	37.2	NA	31	0	1.02	1	31	31
10507013	66..96	1	10.8	22.1	490	37	2.95	13.4	0.18	-0.97	32.1	NA	31	0	0.94	1	31	31
10507015	7..37	3	31.2	21.56	1286	30.2	9.23	14	0.06	-1.59	31.49	NA	29	0	4	1	31	31
10507015	58..88	2	22.9	21.8	904	29.4	5.86	14.1	0.1	-0.8	30.4	NA	29	0	3	1	31	19
10507015	45..55;89..104	1	9.52	22.5	407	31.1	2.29	13.4	0.51	-0.47	40.5	NA	27	0	2.6	1	27	12
10507020	46..76	1	20.8	21.1	789	30	6.15	13.4	0.05	-1.43	38.2	NA	31	0	1.1	1	31	31
10507020	3..33	2	39	20.5	1573	29.6	10.9	14.9	0.02	-1.3	27.6	-72	22	0	1.13	1	31	31
10510002	1..30	2	39	23.1	2010	36.3	8.51	13.8	0.14	-1.1	32.1	-82	30	0	0.9	1	30	30
10510002	34..65	1	15.5	25.1	774	35.6	2.83	14.4	0.71	-0.6	34.8	-78	31	0	0.5	1	32	28
10512003	1..30	2	36.3	20.4	1611	30.3	11.6	14.1	0.06	-1.3	29.8	-62	30	0	0.8	1	30	30
10512003	33..42	1	24.1	20.1	676	18	7.74	14.7	0.03	-1.41	26.6	-58.9	8	0	0.74	1	8	8
10512005	4..33	2	46.9	19.1	1657	24.1	17.8	13.5	0.02	-1.9	26.7	-75	30	0	0.7	1	30	30
10512005	56..77	1	5.91	24.3	193	25.8	1.7	14	2.3	-0.66	48.6	-73.7	19	3	0.6	1	22	5
10519001	1..30	2	42.4	21.7	2042	35.3	12.9	14.5	0.04	-1.14	2.9	-70.8	30	0	7	1	30	29
10519001	35..64	1	35.5	23.2	1702	35.6	10.2	15.4	0.43	-1	31.9	-69.7	29	1	5.8	1	30	29
10519003	1..32	2	39.8	18.2	810	13.7	20.5	14.6	0.04	-2.48	23	-77.5	29	0	0.5	1	32	29
10519003	36..65	1	22.4	19.7	454	14.3	8.55	14.9	0.03	-1.58	25.2	-78.6	30	0	0.36	1	30	29
10519005	39..68	1	13	22.3	430	24	3.82	14.9	0.9	-0.71	30.9	-64.2	19	11	0.55	1	30	14
10519005	1..30	2	34.8	19	1086	20.6	14.3	14.1	0.03	-2	24.1	-64	30	0	0.7	1	30	28
10519005	1..2	3	41.8	17.6	1402	19	20.9	13.65	0.02	-2.9	20.9	-64.5	2	0	0.7	1	2	2
10520001	1..30	2	17.6	18.3	408	14.6	6.56	13.7	0.01	-1.2	23.2	-54	30	0	5	1	30	30
10520001	40..69	1	3.06	2.86	92	23.2	0.61	21.3	2.76	-0.35	40.4	-55.9	28	2	3	1	30	27
10520003	1..30	2	61.7	17.5	2444	24.2	29.6	13.9	0.11	-5.5	19.5	-85	30	0	0.9	1	30	30
10520003	32..63	1	37.8	24.9	2081	41.4	8.84	14.7	0.02	-0.9	34.9	-85.7	29	3	0.5	1	32	22
10520006	1..39	2	45	18.6	1209	19.7	19.3	14.4	0.03	-1.8	23.4	-78	39	0	1.3	1	39	39
10520006	40..73	1	27.9	21.5	778	21.3	8.93	14.9	0.14	-1.28	28.6	-79.9	26	8	0.9	1	34	24
10520008	1..30	1	55	21.2	2779	35.9	17.3	14.7	0.02	-1.4	27.3	-86	30	0	3	1	30	30
10520010	1..30	3	49.1	16.8	1114	14.5	27.1	13.9	0.03	-4.32	18.75	-71	24	0	1.1	1	30	24
10520010	31..62	2	31.3	18.4	608	14.1	12.6	15	0.25	-1.9	23.8	-69	26	1	0.94	1	32	26
10520010	64..93	1	4.61	18.2	97	13.5	1.68	13.5	0.14	-0.4	23.8	-77.8	28	2	0.9	1	30	18
10521003	1..30	2	53	17.4	1708	20	21.1	14.2	0.12	-4.4	19.5	-70	30	0	0.62	1	30	25
10521003	31..63	1	38.1	19.8	1301	24.5	12.2	14.1	0.02	-1.41	25.9	-68.9	33	0	0.46	1	33	32
10524023	1..30	2	26.6	15.1	333	8.45	19.9	13.2	0.03	-2.4	19.1	-63	30	0	3	1	30	30
10524023	31..60	1	17	15.6	213	8.46	14	13.7	0.11	-1.59	19.6	-62.4	27	3	2	1	30	26
10526011	1..30	1	47	20.6	1443	20.8	18.1	15.6	0	-2.03	27.3	-74.7	25	1	8	1	30	25
10526013	2..32	2	38.6	21.9	1728	34.6	12.8	13.8	0.01	-1.03	30.9	-77.9	30	0	2	1	31	31
10526013	54..83	1	11.8	23.9	500	33.8	3.06	14.4	0.13	-0.43	32.5	-72.8	18	12	0.6	1	30	13
10526015	1..31	2	41.8	18.6	1333	23.2	18.1	13.3	0.06	-1.6	25.7	-65	29	0	1.2	1	31	29
10526015	38..79	1	9.06	22.7	331	28.8	2.31	14	0.06	-0.41	31.2	-61.9	42	0	0.62	1	42	30
10526017	1..30	2	27.7	17	448	12.4	13.1	13.3	0.07	-2	21.8	-70	30	0	10	1	30	30
10526017	35..72	1	21.8	18.4	372	12.8	9.19	14.1	0.19	-1.59	23.3	-75.8	35	3	5	1	38	35
10526017	13..22	3	39.7	16	639	12.3	22	13.15	0.02	-2.5	22.05	-71.34	2	0	10	1	10	2
10526019	1..30	1	39.6	18.9	724	13.4	22	15.5	0.03	-2.3	24.2	-68	30	0	1.48	1	30	30
10527001	1..30	2	25.8	20.3	815	22.1	7.11	14.6	0.05	-1.3	25.7	-62	30	0	4.4	1	30	30
10527001	31..67	1	17.4	23.7	644	27.2	4.35	16.3	0.23	-0.9	34.3	-66.7	34	3	2.6	1	37	34
10527003	1..32	3	53.8	19.3	2439	31.4	20	13.4	0.01	-1.64	26.9	-78.1	32	0	2.8	1	32	31
10527003	31..60	2	26.8	21.8	1308	35.3	6.59	13.5	0.03	-0.9	30.6	-79	29	0	1.8	1	30	29
10527003	65..94	1	8.33	23.4	404	35.3	1.84	14.3	0.2	-0.54	53.3	-75.8	29	1	1.02	1	30	29
10528001	1..7	1	23.7	15.3	264	8.92	15.5	13	0	-2.34	19.4	-51.8	7	0	NA	1	7	7
10528003	1..32	2	51.5	19.6	1972	26.2	20.1	14.6	0.02	-2.2	23.2	-76	30	0	5	1	32	30
10528003	33..65	1	28.9	24.4	1348	35.5	7.54	14.7	2.08	-1.16	34.5	-71.5	30	3	4	1	33	30
10528005	1..32	1	37.6	18.7	795	15.1	16.8	15	0.09	-2.18	24.3	-64.4	25	7	0.2	1	32	25
10528007	1..30	3	38.1	17.4	720	13.4	17.4	13.2	0.01	-2.7	22.1	-79	30	30	3	1	30	30
10528007	38..80	2	23.3	19.6	454	14.7	7.77	14.9	0.25	-1.7	25	-77.3	33	5	1.1	1	42	29
10528007	38..80	1	3.46	20	94	17.8	1.34	13.8	3.45	-2.35	35.3	-77.7	37	5	1.1	1	42	4
10528009	1..30	1	30.5	21.3	1066	25.3	10.4	15.5	0.02	-1.4	29	-69	29	1	0.24	1	30	29
10528011	1..30	2	63.5	18.65	2950	28.4	30.5	14.9	0.35	-4.97	20.6	-75.9	4	2	1.12	1	30	4
10528011	1..30	1	49.1	22.4	2756	41.2	15.5	15	0.15	-1.5	43.5	-76	27	2	1.12	1	30	23
10528013	1..30	1	64.6	19.5	2577	24.8	32.2	14.8	0.02	-2.8	23.5	-82	29	1	1.1	1	30	29
10528015	1..35	2	58.7	17.7	2232	23.7	22.3	13.5	0.2	-4	20.3	-57	28	1	4	1	35	28
10528015	37..66	1	48.9	19.4	2134	30.7	18.9	13.6	0.01	-1.81	34.9	-54.3	30	0	3	1	30	30
10528017	1..14	1	19.5	16.3	224	9.21	13	13.8	0.04	-2.25	20.8	-56.1	14	0	NA	1	14	14
10624001	1..30	1	40.5	15.3	442	8.03	34.2	13.6	0	-3.8	17.5	-64	30	0	NA	1	30	30
10624003	1..30	2	41.5	15.7	526	9.53	22.7	13.2	0.01	-3.7	18.9	-58	30	0	0.7	1	30	27
10624003	37..66	1	28.6	17	393	9.68	14.6	14.2	0.09	-2.64	20.3	-58.7	30	0	0.48	1	30	30
10625001	1..30	3	30.7	16.4	528	10.5	15	13.3	0.01	-2.48	19.6	-55.6	27	0	1.04	1	30	27
10625001	31..65	2	20.2	18.3	359	11.5	9.14	14.9	5.05	-1.6	22.5	-56	33	0	0.72	1	35	33
10625001	35..40	1	1.62	28.2	98.1	33.1	0.49	18.7	NA	-0.31	171	-55.3	4	1	0.72	1	5	1
10625003	1..30	2	39.5	17.1	651	11.5	19.8	14.1	0.01	-2.8	21	-72	30	0	0.3	1	30	30
10625003	41..70	1	18.2	18.3	290	11.9	7.33	14.5	0.03	-1.49	22.9	-69.2	30	0	0.2	1	30	30
10625005	1..30	2	27.6	18.6	619	17.5	9.85	13.2	0.01	-1.5	24.3	-73	30	0	1.35	1	30	30
10625005	51..80	1	12.9	19.8	287	18	3.77	13.5	0.05	-0.82	26.2	-72.9	30	0	1.1	1	30	30
10628001	1..30	2	52.4	22.2	2063	31	22.8	13.5	0.01	-1.9	28.6	-85	30	0	0.94	1	30	30
10628001	42..71	1	11.3	22	385	26	3.17	14.1	0.63	-0.64	29.2	-83	21	9	NA	1	30	17
10628003	1..30	3	38.2	18.5	786	15.8	12.9	14.8	0.006	-2.2	24.5	-58.8	30	0	0.8	1	30	30
10628003	35..70	2	13.7	21.8	318	18.8	4.27	15.4	0.37	-0.9	29.6	-59	31	3	0.56	1	36	10
10628003	35..70	1	5.33	24.3	107	19.3	1.65	17	0.6	-0.58	33.1	-60	31	3	0.56	1	16	2
10628005	1..30	2	50.5	14.9	688	9.15	35.6	12.7	0.01	-4.9	17.3	-72	30	0	1.2	1	30	26
10628005	31..60	1	33.8	16.1	440	9.72	21.6	13.3	0.55	-2.97	19.4	-70.8	30	0	0.78	1	30	24
10628007	1..8	1	44	18.1	1089	16	19.44	14.3	0.009	-2.84	21.6	-61.3	7	1	NA	1	8	4
10628010	1..30	2	50.9	17	1431	18	23.6	13.7	0.01	-2.8	20.3	-61	30	0	0.9	1	30	30
10628010	31..60	1	37.7	18.2	1159	21	14.4	13.6	0.01	-1.89	23.7	-57.4	30	0	0.7	1	30	30
10628012	1..30	1	56.2	20.9	2614	33	19.5	14.8	0.24	-1.7	27	-77	30	0	0.6	1	30	30
10628012	38..67	2	66.3	17	2398	21.9	34.3	13.6	0.006	-4.27	19.39	-74.1	30	0	0.9	1	30	30
10628014	1..32	3	57.5	16.6	1483	16.1	28.7	13.5	0.18	-3.35	19.9	-65.7	28	0	0.8	1	32	27
10628014	33..62	2	35.3	18.5	1014	19.6	13.4	13.3	0.01	-1.8	24.5	-62	30	0	0.64	1	30	30
10628014	63..69	1	2.5	22.5	88	22.5	1	15.5	NA	-0.49	64.4	-59.1	5	2	0.64	1	7	1
10629001	3..32	2	53.8	18.6	1896	24.2	26.7	13.6	0.006	-2.4	22.1	-75.6	30	0	3	1	30	30
10629001	33..83	1	20.2	22.6	825	31.2	5.82	14.3	0.06	-0.8	31.2	-71	30	21	1.8	1	51	27
10629003	1..30	1	53.4	19	1856	24.3	23.2	13.5	0	-2	25.1	-86	30	0	1	1	30	30
10629005	1..5	1	28.7	17.6	375	11.8	12.6	15.3	0.02	-2.2	23.6	-55	5	0	NA	1	5	5
10629007	5..35	2	53.2	16.6	931	11.2	36.9	14.3	0	-4.1	18.6	-73	31	0	0.28	1	31	31
10629007	38..69	1	35.6	17.5	556	10.7	22	14.5	0.01	-2.9	21.9	-73.2	31	0	0.17	1	31	30
10629009	1..30	2	52.5	15.3	896	12.5	36.3	13.1	0.01	-3.3	17.2	-66	30	0	1.3	1	30	30
10629009	31..60	1	37.8	17	598	12.5	19.4	14	0.04	-2.52	20.6	-64.3	30	0	0.9	1	30	30
10813001	1..30	2	30.6	20.5	1185	28.3	8.15	12.8	0.37	-1.2	32.9	-52	28	0	1	1	30	28
10813001	31..60	1	21.4	19.5	801	27.5	7.46	12.9	0.01	-0.93	32.1	-50.4	30	0	0.8	1	30	30
10813004	1..30	2	19.7	17.7	556	21.7	7.63	12.7	0.02	-1.2	23.5	-59	30	0	3	1	30	30
10813004	31..60	1	9.7	18.7	296	23	3.3	12.8	0.09	-0.68	34.8	-59.4	30	0	1.5	1	30	10
10813006	1..30	1	21.5	16.1	203	6.6	15.5	14	0.01	-2.9	19	-60	30	0	0.4	1	30	30
10813008	1..30	2	30.1	14.9	270	6.58	22.1	13.1	0.02	-3.7	17.5	-63	26	0	1	1	30	26
10813008	31..60	1	18.6	15.7	149	6.13	13.9	13.7	0.01	-2.73	18.3	-63	30	0	0.72	1	30	30
10813010	1..30	1	27.1	16.9	282	7.65	19	14.7	0.01	-2.9	19.8	-60	30	0	0.7	1	30	30
10817001	1..30	2	26.7	17.3	333	9.02	14.01	14.4	0.01	-2.7	20.5	-76	30	0	0.7	1	30	30
10817001	40..80	1	19.1	17.6	217	8.57	9.43	14.6	0.05	-2.21	20.9	-77.3	30	0	0.3	1	30	30
10817003	1..30	2	29	18.1	809	20.1	11.6	13.6	0.01	-1.3	21.7	-63	30	0	0.46	1	30	30
10817003	31..60	1	23.2	17.6	493	15.1	9.86	13.8	0.01	-1.42	20.8	-56.9	30	0	0.32	1	30	30
10817004	1..30	1	18.7	17.7	309	12.1	8.72	13.9	0.01	-1.46	21.5	-60.2	30	0	0.18	1	30	30
10817007	1..30	3	31.1	17.6	919	21.5	14.1	12.7	0.01	-1.29	21.9	-69.3	30	0	1.1	1	30	30
10817007	33..62	2	20.2	18.1	544	20.2	7.93	13.2	0.5	-0.9	22.9	-67	22	0	0.8	1	30	22
10817007	33..62	1	7.5	13.2	219	22	2.78	12.7	0.01	-0.44	23.3	-67.8	30	0	0.8	1	30	8
10817009	1..6	1	11.3	14.8	111	6.4	7.42	12.4	0	-1.8	17.7	-58	5	1	0.7	1	6	5
10819001	1..30	2	38.7	19.2	1059	18.9	16.8	14.2	0.01	-1.9	24.3	-77	30	0	0.8	1	30	30
10819001	31..60	1	14.6	18.7	279	12.6	6.53	14.5	0.06	-1.24	23.3	-65.5	20	10	0.7	1	30	18
10819003	1..30	2	32.9	17.9	727	15.2	15.3	14	0.006	-1.89	21.8	-56.7	30	0	1.5	1	30	30
10819003	35..65	1	9.7	20.4	280	2.3	3.3	14.9	0.04	-0.59	27.2	-57.9	29	2	1.14	1	31	29
10819005	1..30	2	38.4	24.1	1754	28.8	11.1	17.4	0.2	-1.2	30.7	-78	29	1	3	1	30	24
10819005	32..61	1	10.3	24.9	460	28.7	2.75	17.8	0.11	-0.59	54	-75.2	30	0	2.2	1	30	30
10819005	63..79;81..92	2	40.4	20.8	1652	26.4	13.7	15	0.008	-1.4	25.7	-73.4	29	0	2.2	2	29	29
10819007	1..24	2	20.7	19.8	812	27.4	5.69	13.4	0.01	-0.8	25.5	-61.2	24	0	3	1	24	9
10819007	30..55	3	35.1	18.7	1202	22.8	12.6	13.7	0.005	-1.5	22.3	-60.2	26	0	3	2	26	26
10819007	90..94;97..119	1	7.6	21.9	269	25.9	2.38	16	0.03	-0.45	44.9	-59.3	28	0	1.1	1	28	28
10819009	1..30	2	25.6	17.7	775	16.6	12.1	13.9	0.01	-1.5	22	-59	30	0	4	2	30	30
10819009	31..60	1	13.6	17.9	342	13	6.3	14.2	0.43	-1.12	21.8	-56.3	28	2	4	1	30	28
10819011	1..30	1	23.1	16.5	336	10.9	11.1	12.9	0.02	-2.07	20.5	-67.8	9	0	1.2	1	30	9
10819011	33..62	2	31.3	16.5	408	9.58	17	13.4	0.1	-3	20.1	-68	30	0	1.5	2	30	30
10819013	33..48	1	20.8	22.4	823	26.6	6.2	16.3	0.07	-0.87	28	-80	16	0	NA	NA	16	16
10819013	49..62	2	31	23.2	1250	27.9	9.9	17.1	0.33	-1.12	28.5	-79.2	12	NA	NA	NA	14	12
10819013	3..32	3	48	21.4	2018	29.1	16.2	15.9	0.3	-1.5	26.2	-79.1	24	0	3	3	30	24
10819015	1..30	2	26.4	20.9	984	24.2	7.8	15	0.12	-1.13	26.9	-77.6	21	NA	0.4	2	30	21
10819015	39..71	1	12.5	22.2	465	25.82	3.8	16.4	0.19	-0.65	29.3	-71.3	27	NA	0.3	2	33	27
10819015	77..99	3	36.9	20.1	1340	25.9	13.7	14.7	0.02	-1.38	25.6	-70.8	23	0	0.5	2.2	23	23
10819003	33..62		20.8	22.4	823	26.6	6.19	16.3	0.07	-0.87	28	-80	16	2	1.5	3	30	16
10819003	33..62		31	23.2	1250	27.8	9.89	17.1	0.33	-1.1	28.5	-79	12	2	1.2	3	30	12
10819005	77..99		36.9	20.1	1340	25.9	13.7	14.7	0.02	-1.4	25.6	-70.8	23	0	0.5	2.5	23	23
10819005	39..75		12.5	22.2	465	25.8	3.81	16.4	0.19	-0.6	29.3	-71	29	8	0.3	2	37	27
10819005	1..30		26.3	20.9	984	24.2	7.79	15	0.12	-1.1	26.9	-78	30	0	0.4	2	30	21
10921001	1..30	2	44.4	20	2057	31.5	15.1	13.9	0.01	-1.4	26.5	-69	30	0	0.8	0.2	30	30
10921001	33..62	1	18.7	21.4	8.8	30.1	5.34	14.4	0.06	-0.82	32.6	-65.8	30	0	0.7	0.2	30	30
10917001	1..30	1	0.97	24.7	25.1	18.7	0.58	13	2.54	-0.21	48	-53.9	30	0	0.7	0.2	30	30
10917002	1..30	1	1.38	23.5	54.4	27.7	0.56	12.8	1.99	-0.24	68	-69.4	28	2	0.5	0.2	30	28
10917003	1..30	1	1.19	16.2	25.9	19.3	0.84	13.4	0.75	-0.24	26.3	-52.8	24	6	0.5	0.2	30	24
10917005	1..30	1	1.98	17.3	38	15.4	1.03	13.4	1.34	-0.27	26.9	-38.7	18	12	0.3	0.2	30	18
10917006	1..30	1	1.16	14.8	37.6	22	0.53	14.2	0.45	-0.22	23.4	-47.7	23	7	2	0.2	30	23
10917007	1..30	1	0.89	15	24.1	20.8	0.54	13.8	1.13	-0.23	26	-50.4	26	4	2	0.2	30	26
10922001	1..30	1	1.4	18.1	33.7	16.2	0.84	12.9	3.17	-0.31	48.9	-44	30	0	0.54	0.2	30	30
10922003	1..30	1	1.61	20.1	39	19.9	0.71	14.2	0.79	-0.31	36.5	-59.2	30	0	0.7	0.2	30	30
10922004	1..30	1	0.91	15.3	13.3	14.3	0.56	13.4	1.64	-0.28	28.8	-39.8	30	0	0.86	0.2	30	30
10n04001	1..30	1	13.4	24.8	647	37.9	3.28	14.2	3.03	-0.63	44.2	-59.5	30	0	NA	0.2	30	30
10n05002	1..30	1	35.5	18.7	695	15.2	17	15.2	0.08	-1.81	25.1	-55.4	20	10	NA	0.2	30	30
10n10001	1..30	1	37.5	19.5	1015	17.9	15.27	15.3	0.01	-2.4	22.4	-54.1	30	0	10	0.2	30	30
10n10003	1..30	2	30.1	18.8	630	15.2	14.13	15.3	0	-1.5	25.2	-55.9	30	0	7.4	0.2	30	30
10n10003	32..61	1	7.7	21.8	167	16.7	2.21	15.8	0.04	-0.49	29.4	-57.3	26	4	6.5	0.2	30	25
10n10005	1..30	1	23.7	20.2	586	15.2	9.63	16.1	0.04	-1.3	26.3	-70.5	30	0	6.2	0.2	30	30
10n10007	1..30	2	14.1	17.1	292	11.6	8.16	14.7	0.02	-0.9	22	-55.4	30	0	10	0.2	30	19
10n10007	1..30	1	2.1	17.9	3	9.4	1.2	15.1	0.09	-0.26	21.9	-64	11	0	10	0.2	30	11
10n10009	1..91	2	31.5	18.1	644	15.4	16.13	14.7	0.07	-1.6	26.2	-72.2	29	54	NA	0.2	91	29
10n10009	1..91	1	10.7	20.5	220	15	3.7	15.4	0.04	-0.68	26.8	-72.4	37	54	NA	0.2	91	8
10n10011	1..30	1	50.1	18.8	1895	24.9	21.53	14.8	0.07	-3.04	21.2	-49	30	0	2.5	0.2	30	30
10n11001	1..30	1	25.4	25.5	1198	34.2	5.89	16.2	0.07	-0.9	37.3	-53	30	0	0.7	0.2	30	30
10n11004	1..30	1	40.3	18.9	924	17.3	17.09	14.7	0.01	-1.9	24.9	-52	30	0	1.2	0.2	30	30
10n11006	1..30	1	41.5	19.3	1070	18.9	17.55	14.9	0	-1.8	25.3	-52	30	0	0.44	0.2	30	30
10n11008	1..30	1	52.3	26.5	3170	46.5	11.3	15.5	0.02	-1.02	39.1	-62	28	2	1.5	0.2	30	26
10n11008	39..78	2	68	19.6	3102	31.4	27.75	14.7	0.01	-1.8	23.7	-59.1	25	3	2.8	0.2	30	25
10n11010	1..30	2	57.7	17.8	2166	24.2	26.08	14	0.01	-3.4	20.2	-62.3	29	0	0.46	0.2	30	29
10n11010	31..79	1	36.4	23.9	1396	35.9	10.2	14.6	0.09	-0.98	34.8	-59.1	23	26	0.4	0.2	49	11
10n11012	1..30	1	28.7	20	721	16.5	10.7	15.3	0.01	-1.52	26.2	-60.7	30	0	3	0.2	30	30
10n11012	40..69	2	41.4	18.8	836	13.6	16.38	15.9	0.15	-2.4	22.5	-58.5	28	0	8	0.2	30	28
10n15001	1..30	1	47.4	22.8	2186	32.9	14.5	15.6	0.04	-1.37	31.4	-70.8	21	9	1.8	0.2	30	19
10n15001	41..70	2	61.8	18.1	2074	19.4	32.82	14.7	0.04	-4.5	20.5	-68.9	30	0	2.6	0.2	30	30
10n15003	1..30	1	50.4	17.4	1382	16.6	24.56	14.1	0.01	-3.5	20	-62.7	30	0	0.47	0.2	30	30
10n15005	1..30	1	9.37	20.1	194	15.7	2.74	14.5	0.96	-0.76	27.2	-56.7	30	0	2.8	0.2	30	30
10n15005	31..60	2	26.1	16.8	427	11.9	12.29	13.7	0.05	-1.9	21.4	-59.7	30	0	4	0.2	30	30
10n15007	1..30	1	6.8	24.6	263	29.1	1.52	15.8	0.14	-0.42	38.3	-50	30	0	1	0.2	30	28
10n15007	31..60	2	35.8	19.1	765	14.5	16.02	15.5	0.02	-2.1	23.3	-54.6	30	0	1.1	0.2	30	30
10n15009	1..30	1	40.8	18.8	1092	18.9	15.7	14.1	0.01	-1.8	24.6	-63.3	30	0	2.5	0.2	30	22
10n15009	31..60	2	49.3	16.6	982	13.6	27.18	13.9	0	-2.7	20.7	-66.7	30	0	3	0.2	30	30
10n15011	1..30	1	10.7	16.8	120	8.73	5.77	14.2	0.01	-1.16	20.2	-45.7	28	2	0.8	0.2	30	21
10n15011	33..60	2	19.8	16.3	221	8.5	11.6	14	0	-2	19.6	-39.9	28	0	1	0.2	28	28
10n15013	1..30	1	41	18.9	974	15.6	19.18	15.3	1.38	-2.2	23.5	-55.6	16	11	3.4	0.2	30	16
10n15015	5..80	2	41.3	16.5	700	11.9	23.35	13.6	0.04	-2.8	19.8	-64.4	40	12	1.2	0.2	76	40
10n15015	5..80	1	24.6	19.8	518	15.3	9.71	15.2	1.14	-1.41	25.3	-62.7	62	12	1.2	0.2	76	22
11120001	1..30	1	6.12	17.1	49.9	6.4	3.47	15	0.06	-1	20.2	-68.8	13	17	7	0.2	30	5
11120001	56..85	2	11.1	16.7	83.1	6.29	7.03	14.6	0.01	-1.7	19.3	-66	30	0	10	0.2	30	30
11121001	56..85	1	12.7	26	1057	36.4	4.61	16.6	0.1	-0.8	43.5	-57.4	25	0	10	0.2	25	24
11121003	11..40	1	10.4	27.2	596	44.1	2.17	16.8	0.28	-0.63	70.3	-59.6	27	3	6	0.2	30	26
11121005	1..30	1	15.9	27.7	731	47.8	2.72	16.3	0.08	-0.4	47.1	-56	30	0	4	0.2	30	30
11121010	1..30	1	13.6	23.6	532	34.8	3.06	15.2	0.85	-0.5	50.2	-56	30	0	3.8	0.2	30	30
11121016	32..61	1	21.3	25.4	974	46.7	4.15	15	0.04	-0.54	61.1	-64.8	30	0	1.2	0.2	30	30
11121019	1..30	1	6.83	27.9	301	42.5	1.34	14.7	3.35	-0.43	84.7	-63.8	30	0	2	0.2	30	30
11121019	33..63	2	22.9	24.3	862	33.1	5.07	16.2	0.05	-0.6	42.8	-63	29	0	5	0.2	30	29
11131002	1..30	1	14.2	25.5	469	28	2.89	16.2	0.06	-0.56	47.1	-66.4	30	0	3	0.2	30	30
11131004	1..30	1	15.3	24.3	449	24.5	3.41	16	0.03	-0.64	40.4	-64.7	30	0	2	0.2	30	30
11203001	1..30	1	36.4	27.5	2746	57.2	6.92	16.3	0.05	-0.7	65.5	-59	30	0	3	0.2	30	30
11203004	1..30	1	8.11	28.9	417	35.8	1.45	17.4	3.45	-0.49	162	-56.5	30	0	1	2	30	30
11203004	31..60	2	18.9	28.1	1047	37.6	3.13	18	3.97	-0.5	54.1	-52	11	0	1.4	2	30	11
11203007	1..30	1	7.41	24.7	373	34.2	1.68	15.7	0.09	-0.62	60	-67	16	13	1.4	0.2	30	4
11203007	31..60	2	23.1	24.2	1200	37.3	5.23	15.2	0.05	-0.6	50.5	-64	30	0	3	0.2	30	30
11217001	1..30	1	28.9	23.8	990	23.3	7.46	17.1	0.05	-1.2	30.3	-59	20	10	1.22	0.2	30	20
11217003	1..30	1	35.3	20	701	13.9	13.5	15.8	0.01	-2.2	25.4	-61	30	0	2	0.2	30	30
11217005	1..30	1	14.6	19.9	251	11.7	5.21	15.7	0.06	-1.2	24.5	-63.5	30	0	NA	0.2	30	30
11217008	1..30	1	30.8	28	1921	46.5	5.63	16.1	0.42	-0.65	51	-69.9	28	2	5.6	0.2	30	28
11217010	1..30	1	8.9	26.3	154	13.1	2.88	21.8	11.8	-0.74	47.7	-59.8	22	8	3.2	0.2	30	22
11217012	1..30	2	29.2	21.8	1164	26.7	8.1	14.7	0.02	-1.03	29.1	-69.7	28	2	2	0.2	30	28
11217012	81..103	1	5.3	22.7	206	24.7	1.4	15.4	0.11	-0.35	74.5	-65.5	8	15	1.2	0.6	23	4
11217015	1..30	1	10.5	19.1	199	12.2	4.2	15.6	0.04	-0.81	47.8	-49	30	0	2	0.2	30	29
11217017	1..30	2	22.3	18.2	304	10.3	10.4	15.1	0.02	-1.9	22.8	-65	30	0	1.8	0.2	30	30
11217017	31..60	1	10.2	20.8	118	9.8	4.3	17.4	0.32	-1	25.3	-65.4	28	2	5	0.2	30	2
11221001	1..30	1	18.9	24.2	1136	35.7	4.75	14.8	6.42	-0.6	55.4	-76	20	10	4	0.5	30	14
11221003	1..30	1	20.4	24.6	1079	34.8	4.45	16.2	0.11	-0.7	71.7	-58	30	0	2	0.2	30	30
11221005	1..45	2	16.1	21.1	367	17	4.68	15.6	0.7	-1	26.6	-53	25	15	2.6	0.2	45	25
11221005	1..45	1	2.9	22.9	87	21.8	0.89	17.1	0.34	-0.31	45.4	-51.5	30	15	2.6	0.2	45	5
11221007	1..30	1	8.5	22	243	21.5	2.4	15.7	0.04	-0.49	42.6	-67.1	30	0	2	0.2	30	25
11221007	31..60	2	24.7	20.8	656	18.3	7.8	15.3	0.01	-1.3	26.3	-68	30	0	2.6	0.2	30	30
11221010	1..30	1	27.9	22	875	21.3	7.8	15.7	0.13	-1.2	28.7	-75	17	13	NA	0.2	30	17
11221012	1..30	1	21.2	23	413	13.5	7.2	18.6	5.7	-1.5	27.7	-71	26	4	3	0.2	30	25
11221012	34..63	2	39.8	18.2	680	11.5	18.9	15.1	0.1	-2.9	22.6	-72.9	30	0	5	0.2	30	30
11221014	1..30	1	41.9	20.3	1067	16.1	16.4	16	0.06	-2.3	24.5	-63	29	1	0.95	0.2	30	29
11221016	1..30	1	23.6	26.2	1364	44.1	5.1	16.2	0.05	-0.59	38.1	-71.2	26	4	0.2	0.2	30	26
11221018	1..30	1	24.7	23	1032	29.4	6.6	15.7	0.02	-0.83	50	-65.3	26	4	1.1	0.2	30	26
11221020	1..35	1	13.8	20.3	273	13.2	4.7	15.6	0.07	-1.04	33.5	-60.3	24	11	1.8	0.2	30	21
11221020	36..65	2	27.2	19	442	11.3	11.2	15.6	0.01	-2.1	23.4	-61	30	0	2.8	0.2	30	30
11221022	1..30	1	22	21.7	659	19.4	6.9	16	0.27	-1.07	27.3	-64.9	23	7	0.34	0.2	30	23
11221022	31..60	2	40.8	18.6	756	11.4	19.3	15.5	0.01	-3	22.7	-77	30	0	0.5	0.2	30	30
11228001	1..30	2	21.7	27.3	1120	37.7	4.1	17.2	0.17	-0.6	38.1	-70	25	4	2.7	0.2	30	25
11228002	61..90	1	7.7	28.3	390	34.7	1.4	18.7	0.64	-0.34	43.5	-71.6	23	7	2.3	0.2	30	16
11228005	1..30	2	23.1	23.9	770	20.9	5.5	17.2	0.24	-1	30.4	-76	23	5	0.85	0.2	30	23
11228005	31..60	1	4.7	25	164	22.6	1.1	17.4	0.43	-0.25	30.2	-74.5	22	8	0.78	0.2	30	4
11228008	1..30	1	13.2	26	433	22.7	3.1	18.5	3.98	-0.72	33.5	-57.2	30	0	3	0.74	30	30
11228008	31..60	2	22.7	22.9	733	22.2	5.5	15.8	0.83	-1	35	-57	30	0	5	0.74	30	30
11314002	1..30	1	9.2	21	219	15.6	2.6	15.5	0.1	-0.71	50	-75.4	30	0	2.8	0.2	30	30
11314004	1..30	1	7	18.6	102	10.9	2.7	14.6	1.06	-0.68	23.5	-69.4	29	1	2.6	0.2	30	29
11314006	1..30	2	36.3	22.2	1665	30.1	10.3	14.5	0.01	37	37	-65	30	0	2.5	0.2	30	30
11314006	62..118	1	6.1	22.6	252	26.6	1.6	14.7	0.21	-0.49	37.9	-61.2	45	12	2.3	0.2	57	5
11314008	1..30	1	19.6	18.3	302	10.8	8.5	14.9	0.01	-1.69	23	-59.7	30	0	1.6	0.2	30	30
11314010	1..30	1	34.2	20.1	890	17.6	12.1	15.2	0.02	-1.8	26.1	-61	30	0	5	0.2	30	30
11315001	1..30	2	35.6	21.8	1518	26	7.7	14	0.02	-1.3	28.1	-73	30	0	3.5	1	30	30
11315002	1..30	1	10.8	26.1	425	22.8	2.7	19.1	6.97	-0.53	32.4	-70.6	16	14	10	0.2	30	16
11315004	1..30	3	26	21.7	1105	28.2	6.16	13.8	0.01	-0.9	29.1	-74	30	0	2	1	30	30
11315005	1..30	2	13.4	28.1	547	26.1	2.8	19.6	8.26	-0.6	35.6	-76	10	18	3.4	0.3	30	10
11315005	1..30	1	2.4	10	70	NA	NA	NA	NA	NA	NA	-75.5	10	18	3.4	0.3	30	2
11315008	1..30	3	22	23.5	915	25.5	4.6	16.5	0.25	-0.88	29.8	-76.1	30	0	1.4	1	30	30
11315008	98..133	1	5.2	12.4	119	26.6	2.51	13	1.2	-0.37	31.3	-71.7	35	1	7	0.35	36	26
11315008	98..133	2	16.5	22.1	492	18.8	4.5	15.3	5.65	-0.9	27.8	-71	9	1	7.6	0.35	36	9
11315010	15..44	1	5.43	17.7	130	16.7	1.78	12.9	0.53	-0.45	24	-72.4	30	0	7	0.4	30	21
11315010	99..128	2	26.1	19.5	606	16.1	6.38	13.6	0.29	-1.6	24.6	-72	30	0	3.8	1	30	30
11315012	1..30	2	31.2	27.7	1392	31.7	7.05	14.5	0.04	-1.2	50.7	-50	30	0	1.6	1	30	10
11315012	31..60	1	18.5	22.3	608	22.7	4.54	15.3	0.1	-0.87	30.6	-42.6	29	1	1.2	1	30	29
11315013	1..30	1	19.2	24.5	668	25.8	4.48	16.3	0.03	-0.79	46.7	-52.7	25	5	3	0.2	30	12
11315014	136..165	2	23.5	18.8	486	14.7	7.72	13.9	0.02	-1.5	24.3	-68	29	1	10	0.2	30	29
11315014	167..199	1	17.5	19.3	343	14.1	5.7	14.5	0.34	-1.21	24.7	-68	23	10	6.4	0.2	33	23
11316001	1..30	2	47.5	23.9	2827	38.9	11.1	15.5	0.12	-1.1	32.5	-90.6	30	0	6.8	1	30	30
11316001	67..106	1	9.1	25.5	580	39.6	2.3	15.5	2.3	-0.37	37.3	-90.1	40	0	4.2	1	40	34
11316002	1..30	2	28.6	25.3	1684	37.3	6.1	16.1	1.11	-0.8	33.8	-89	28	2	7	0.2	30	28
11316002	90..119	1	4.79	26.2	295	43.3	0.91	16.5	0.13	-0.25	36.6	-91	24	6	2.4	0.2	30	6
11316005	1..30	1	5.67	25.8	274	35.6	1.74	15.9	11.3	-0.41	50.3	-67.4	30	0	11	0.3	30	30
11316005	46..75	2	15.2	28.1	675	33.5	2.7	17	0.23	-0.6	41.5	-72	20	0	100	0.3	20	20
11316007	1..30	1	9.25	27.7	549	38.9	1.52	16.5	4.3	-0.37	35.5	-88.7	26	4	7	1	30	26
11316007	31..60	2	12	26	717	39.4	2.04	15.6	1.2	-0.4	35.5	-87	30	0	15	1	30	30
11316010	1..30	2	18	23.4	849	32.3	3.55	16.1	0.38	-0.5	30.9	-64	30	0	10	0.3	30	30
11316010	31..60	1	8.22	25.9	396	33.4	1.81	18.2	2.4	NA	NA	-62.7	29	1	7.4	0.3	30	6
11316014	41..100	3	35.6	20.2	698	12.6	10.5	18	0.89	-2.4	22.8	-58	7	0	15	0.4	60	7
11316013	1..30	3	48	16.9	864	12.6	21.9	14.2	0.04	-2.98	19.3	-66.9	28	0	3	1	30	28
11316013	31..52	2	25.9	19	528	14.1	9	14.7	0.04	-1.6	23.7	-67	22	0	1.7	1	22	22
11316013	73..102	1	16.6	24	272	12	6.1	19.9	10.6	-1.32	28.6	-71.4	13	17	0.94	1	30	13
11316017	1..30	2	30.5	18.9	492	11.6	12.5	15.4	0.05	-2.3	22.4	-62.1	24	2	0.75	0.2	30	24
11316017	9..120	1	9.3	20.6	158	12.9	3.3	16.3	0.57	-0.69	24.8	-62	81	31	0.75	0.2	112	4
11317001	1..40	2	31.7	23	1556	35.1	7.4	14.7	0.12	-0.9	31.5	-83	40	0	4	1	40	40
11317001	41..70	1	18.6	23.1	814	30.9	3.9	14.9	0.04	-0.67	33.7	-82.9	30	0	1.8	1	30	30
11317003	1..30	2	17	25.7	737	33.3	3.4	16.2	0.04	-0.5	36.8	-72	30	0	1.2	0.2	30	30
11317003	61..90	1	3.3	26.3	141	32.5	0.72	16.8	0.44	-0.23	41.6	-70.8	30	0	NA	0.2	30	30
11318002	1..30	2	34.7	18.7	749	13.4	15.3	15	0.01	-2.3	22.3	-65	30	0	3.6	0.2	30	30
11318002	42..71	1	16.9	20	473	19	6	15.2	NA	-0.78	26.3	-66	27	3	3	0.2	30	1
11321001	1..30	1	30.6	20.1	498	10.4	13.6	16.8	0.02	-2.59	24.1	-74.8	30	0	2.4	0.2	30	30
11321003	1..30	1	34.9	22.2	898	13.7	13.7	18.1	0.11	-2.27	26.4	-75.3	22	8	8	0.2	30	22
11321006	1..15	1	8.7	22.3	308	21.1	2.4	15.2	4.11	-0.44	29.6	-75.8	10	5	8	0.2	15	6
11321006	16..45	2	21.4	21.5	738	20.9	5.46	15.4	0.13	-1	27.9	-75	30	0	8	0.3	30	30
11323001	1..30	1	23.6	24.2	1054	28	5.5	16.6	0.1	-0.8	30.8	-80	30	0	3	0.2	30	30
11323003	1..30	1	23.4	24.7	1180	35.9	5.1	16.3	0.06	-0.7	33.1	-74	29	1	2	0.2	30	29
11323006	1..30	2	40.2	22.5	2033	34.9	10.9	15.7	0.16	-1.1	29.2	-69	16	0	10	0.2	30	16
11323006	1..30	1	6.8	27.6	378	41.2	2.1	14.7	7.57	-0.36	47	-68.9	30	0	10	0.2	30	14
11323008	1..30	1	37.1	24.1	1767	33.2	10	17	0.01	-1	30.7	-66	29	1	2.6	0.2	30	29
11323010	1..30	2	52.4	26.3	3688	51.2	11.5	15.9	0.07	-1	38.4	-78	27	3	3	0.2	30	27
11323010	120..159	1	2.7	29.1	146	32.7	0.92	15	4.2	-0.23	41.9	-78	28	12	4.2	0.2	40	21
11323012	1..35	1	6.7	21.2	373	31.2	1.67	13.7	0.42	-0.36	32.6	-77.1	35	0	2.2	1	35	35
11323012	41..69	2	20.2	21.1	1033	29.4	4.79	13.8	0.04	-0.7	27.9	-76	29	0	2.8	1	29	29
11323012	70..100	3	33.1	21.1	1741	31.4	8.2	13.7	0.02	-0.98	28	-74.4	31	0	4	1	31	31
11412001	1..30	2	28.6	24.9	1950	48.9	6.5	16	0.03	-0.62	34.1	-90.8	30	0	6	0.2	30	30
11412001	62..97	1	18.4	24.5	1142	45	4.4	15.8	0.15	-0.5	33.6	-79	29	7	1.8	0.2	36	29
11412003	1..30	1	4.9	21.6	201	25.5	1.5	15.1	1.25	-0.32	29.8	-80.3	30	0	6	0.2	30	30
11412003	61..90	2	36.5	20.2	1493	26.1	11.3	13.7	0.64	-1.3	26.5	-80	16	0	6	0.2	30	16
11413002	61..90	1	9.7	20.5	247	18.3	2.9	14.7	0.59	-0.7	39.9	-81.7	30	0	2.8	0.2	30	30
11413004	1..30	1	22	21.9	1109	32	5.7	14.9	0.07	-0.77	30.3	-81	19	11	0.82	0.2	30	19
11413007	1..30	2	18.3	23.7	1012	38.9	4.4	15.8	0.04	-0.6	99.3	-91	30	0	5	0.2	30	30
11413007	42..71	1	2.4	26.8	123	36	1.1	15.5	16.1	-0.27	56.6	-89.5	29	1	3.4	0.2	30	24
11413010	1..30	1	9.6	23.9	554	42	2.2	15.2	0.71	-0.3	35	-88	30	0	2.8	0.2	30	30
11413013	1..30	1	7.2	22.9	360	36.1	1.9	15.4	0.06	-0.3	32.1	-73	30	0	1.2	0.2	30	30
11413015	1..30	1	5.2	24.9	238	33.7	1.3	15.1	2.16	-0.28	54.4	-74.1	30	0	NA	0.2	30	30
11413015	48..77	2	24.5	25.1	1144	33.3	5.56	16.3	0.21	-0.8	34.7	-74	28	0	NA	0.2	30	27
11413017	1..30	1	22.7	23.9	1334	44.1	5.08	15.1	0.04	-0.6	33.4	-87	30	0	2.4	0.2	30	30
11413019	1..30	1	14.7	23.7	621	31.3	3.8	16.4	0.18	-0.6	73.8	-65	16	14	3	0.2	30	16
11414001	1..30	1	28	23.7	1629	41.8	6.8	15.3	0.02	-0.6	32	-92	30	0	1.18	0.2	30	30
11414003	1..30	1	24.7	23	1143	30.5	6.4	15.8	0.02	-0.8	30.1	-80	20	10	1.1	0.2	30	20
11414005	1..30	1	42	24.4	2418	40.9	10.1	15.1	0.01	-0.9	34.1	-90	30	0	NA	0.2	30	30
11414007	1..30	1	4.4	22.2	189	28	1.2	15.1	0.08	-0.26	39.6	-83.2	25	5	1.2	0.2	30	25
11414007	36..65	2	24.5	22.3	953	25.2	6.6	15.4	0.01	-0.9	29.1	-83	30	0	3	0.2	30	30
11414009	1..30	1	2.6	25.3	117	33.5	0.86	13.8	4.6	-0.21	47.8	-73.9	30	0	1.5	0.2	30	30
11414009	32..61	2	22.1	22.1	870	27.7	5.96	14.9	0.04	-0.8	38.8	-74	18	0	1.8	0.2	30	18
11414011	31..60	2	25.2	23	1266	36.7	6.5	15.6	0.29	-0.7	31.5	-76	21	1	4	0.2	30	21
11414011	31..60	1	6.5	24.4	323	38.2	1.8	16.5	6.04	-0.24	38.4	-75.9	29	1	4	0.2	30	8
11414013	1..30	1	14.8	21.9	435	21.1	3.82	15.4	0.75	-0.7	28.7	-68.5	30	0	2.6	0.2	30	30
11414015	1..30	2	24.7	22	1011	27.7	6.4	15.1	0.02	-0.8	28.6	-81	30	0	1.8	0.2	30	30
11414015	32..65	1	3	24.3	123	27.5	1	13.7	4.79	-0.22	44.1	-81.2	30	0	1.2	0.2	30	26
11414017	1..30	2	26.7	23.2	1270	33.7	7.02	15.2	0.02	-0.8	31.7	-78	30	0	2.4	0.2	30	30
11414017	31..60	1	2.5	32.3	127	32.4	0.81	15.1	8.41	-0.24	75.1	-79.3	28	2	1.6	0.2	30	20
11414019	1..30	1	4.1	22.3	145	24.9	1.31	14.4	3.04	-0.26	32.9	-80.3	30	0	3	0.2	30	30
11414019	31..60	2	17	22	539	21.5	4.71	15.7	0.03	-0.8	27.8	-80	5	2	NA	0.2	30	5
11415001	1..30	1	47	25	3327	55.4	10.5	15.1	0.01	-0.8	36.2	-77	30	0	2.2	0.2	30	30
11415004	1..30	1	57	23.5	2971	38.6	15.7	14.7	0.01	-1.3	33.8	-91	23	7	1.3	0.2	30	23
11415006	1..30	1	23.2	25.5	1203	36.9	4.9	15.1	0.03	-0.64	35.6	-84.1	29	1	3	0.2	30	29
11415006	35..64	2	58.2	22.3	2901	35.8	19.1	15	0	-1.4	32.4	-83	30	0	5	0.2	30	30
11415008	1..30	1	26.8	18.8	507	14.8	12.2	15.1	0.02	-1.5	25	-63	30	0	2	0.2	30	30
11415010	1..30	1	49.2	18.7	1262	18.7	21.3	14.3	0.02	-2.5	22.7	-70	30	0	1.5	0.2	30	30
11o13001	1..30	1	12.4	19	206	11.9	4.5	14.7	0.02	-1	23.2	-70	30	0	3	0.2	30	30
11o13003	1..29	1	7.1	18.1	77	8.6	3.1	14.9	0.02	-0.84	21.7	-62	29	0	3	0.2	30	30
11o13005	1..30	1	8.4	22.6	386	33.5	2.2	15.4	0.03	-0.35	87.1	-72.8	30	0	4	0.2	30	27
11o13007	1..30	1	2.8	19.4	37.4	8.8	1.2	16.3	0.04	-0.35	23.1	-70.5	30	0	3.6	0.2	30	30
11o13009	1..30	1	25.1	21.1	780	21.4	7.6	15.2	0.01	-1.04	26.6	-78.8	30	0	1.8	0.2	30	30
11o13011	1..30	1	17.1	20.7	351	14.4	5.3	15.6	0.03	-1.13	25.7	-77.4	30	0	2	0.2	30	30
11o14001	1..30	1	23.4	19.3	512	15	8.4	14.9	0.02	-1.61	29.6	-65.8	30	0	3.2	0.2	30	30
11o14003	1..30	1	13.7	17.9	174	8.9	6.1	14.9	0.02	-1.59	21.7	-62.1	30	0	3.2	0.2	30	30
11o14005	1..30	1	2.1	19.9	97	20.5	0.9	12.9	2.49	-0.44	68.1	-61.8	30	0	1.8	0.2	30	17
11o14005	41..70	2	17.8	18.9	664	23.2	5.6	13.3	0.02	-0.9	25.1	-63	30	0	3	0.2	30	30
11o14007	1..30	1	12.4	19.2	369	20.6	3.9	13.6	0.02	-0.7	25.8	-63	30	0	1.8	0.2	30	30
11o14007	36..65	2	14.3	19.1	432	21.1	4.6	13.4	0.02	-0.87	48.6	-62.6	30	0	3	0.2	30	30
11d20001	1..30	1	25.5	23.2	904	23	6.71	16.7	0.59	-1.11	43	-63.7	13	17	3	0.2	30	13
12109001	1..30	1	15.5	29.7	607	25.9	3.7	21.7	6.19	-0.81	37.6	-67.1	7	23	7	0.2	30	7
12110001	1..30	1	21.4	26.6	1201	41.2	3.86	15.5	0.02	-0.51	38.1	-58.3	30	0	2.4	1	30	23
12110001	31..60	2	38.1	22.2	1616	27.4	10.5	16.1	0.6	-1.2	27.6	-58	16	0	2.4	1	30	16
12110003	1..30	1	18.5	23.9	742	27.5	4.8	16.1	0.02	-0.66	31.5	-58.1	23	7	0.7	1	30	23
12110003	31..60	2	30.2	20.2	975	20.9	9.98	14.6	0.01	-1.3	25.7	-64	30	0	0.9	1	30	30
12110005	1..30	1	5.1	27.6	280	35.8	0.84	15.2	2.51	-0.21	38.6	-56.8	30	0	0.9	0.55	30	9
12110005	31..60	2	21.4	26.6	1092	34.2	4.13	16.5	0.07	-0.6	37.1	-55	26	0	39	0.55	30	26
12112001	1..30	2	37.6	26.3	2545	50.8	7.66	16.4	0.05	-0.8	34.6	-62	22	7	3.8	0.2	30	22
12112001	50..79	1	16.2	31.5	1044	49.1	2.74	17.8	6.58	-0.51	107	-62	30	0	1.8	0.2	30	27
12112003	1..30	1	11.6	17	185	10.9	3.58	14.7	11.5	-4.18	19.7	-70	30	0	7	0.8	30	30
12112003	45..74	2	16.9	18.3	272	9.5	6.93	15.3	0.02	-2.3	21.9	-70	30	0	14	0.5	30	30
12419003	1..30	1	14.5	26.3	808	37.8	2.92	14.8	5.1	-0.4	35.4	-63	30	0	4	0.2	30	26
12419003	31..60	2	42.6	22.7	2076	31.9	14.2	16.6	0.03	-1.1	28.9	-62	28	2	3	0.2	30	28
12419005	1..30	1	17.9	19.9	349	14.2	6.24	15.3	0.01	-1.2	25.4	-58	30	0	1.8	0.2	30	30
12419007	1..30	1	19.5	24.5	1108	41.5	4.69	16.3	0.67	-0.46	33.6	-74.1	26	4	1.47	0.2	3	24
12419007	50..79	2	40.9	20.6	1990	32.8	13	14.9	0.02	-1.2	24.9	-71	30	0	2	0.2	30	30
12420001	1..30	1	42	24.7	2927	51.2	9.96	15.5	0.02	-0.9	64.5	-64	22	8	1.16	0.2	30	22
12420003	1..30	1	40.3	21.2	2091	35.5	13.4	15.3	0.01	-1.1	32.1	-55	30	0	1.42	0.2	30	30
12423002	1..30	1	8.4	22.7	360	33.3	2.21	13.5	1.45	-0.45	39.5	-64.5	30	0	2.6	0.2	30	27
12423002	35..64	2	33	21.5	1300	30.2	10	14.7	0.01	-1.1	28.4	-62	30	0	3	0.2	30	30
12423004	1..30	1	6.8	22.5	254	28	1.97	13.7	2.31	-0.43	41.8	-70	29	1	3	0.2	30	29
12423004	31..60	2	35.5	20.7	1339	27.6	11	14.1	0.01	-1.2	34.9	-68	23	0	4	0.2	30	23
12424001	1..30	1	7.8	19.7	124	11.5	3.13	15.5	0.06	-0.94	34.3	-65.6	15	15	5	0.2	30	15
12424003	1..30	1	25.4	20.4	682	20.2	8.22	14.6	0.07	-1.3	26.9	-61	21	9	0.5	0.2	30	21
12424005	1..30	1	7.8	21.7	217	22.7	2.21	14.7	0.3	-0.56	31.6	-66.7	16	14	1.1	0.2	30	16
12424005	37..68	2	15.6	20.3	497	25.3	4.47	13.2	0.03	-0.8	29.8	-63	30	0	2	0.2	30	30
12424007	1..30	1	13.7	23.6	642	35.3	3.2	14.4	0.05	-0.95	97.6	-68.4	30	0	2	0.2	30	30
12424009	1..30	2	23.9	22.9	1073	34.1	6.12	14.5	0.55	-0.9	33.9	-68	29	1	3	0.2	30	29
12424009	61..90	1	13.4	24.2	555	32.7	3.19	15.4	0.19	-0.71	41.8	-64	19	3	5	0.2	30	19
12425003	1..30	2	40	17.1	451	7.8	18.1	15.3	0.16	-4.3	20	-57	18	0	4	0.2	30	18
12425003	31..60	1	20.8	16.9	221	7.64	11.3	14.4	0.02	-2.69	19.8	-57.3	30	0	3	0.2	30	30
12425005	1..30	1	29.9	18.4	723	16.4	12.1	13.9	0.02	-1.97	41.8	-63.1	30	0	4	0.2	30	30
12425005	51..80	2	44.5	15.7	679	10.6	27.4	13.4	0	-3.5	18.5	-67	30	0	7	0.2	30	30
12425007	36..65	1	44.6	20.6	1968	27.3	14	14.6	0.03	-1.9	67.7	-73	30	0	5	0.2	30	30
12425009	1..30	1	4.3	21.1	120	15.3	1.93	15.2	4.94	-0.65	35.5	-49.9	30	0	3	0.2	30	30
12425009	31..60	2	14.1	20.3	274	13.2	5.4	15.9	0.01	-1.3	25.2	-47	30	0	5	0.2	30	30
12425011	1..30	1	20.3	19	287	10.2	9.13	15.9	0.01	-2	22.7	-52	29	1	4	0.2	30	29
12425013	1..30	1	15.4	21	348	15.6	5.45	16.4	0.03	-1.2	27.5	-68	30	0	2	0.2	30	30
12426001	1..30	1	37.1	22.2	1801	28.9	10.6	15.3	1.78	-1.2	29	-85.1	28	2	3	0.2	30	28
12426003	1..30	1	24.1	24.9	952	22.8	7.57	19.2	12.5	-1.03	30.2	-81.7	17	13	1.14	0.2	30	17
12426003	37..66	2	26.8	19.9	1076	23.3	8.26	14.3	0.04	-1.1	25.3	-81	30	0	2	0.2	30	30
12426005	1..30	1	29.6	19.5	794	19.6	10.9	14.1	0.02	-1.47	38.3	-55.5	21	9	1.6	0.2	30	14
12426005	31..60	2	40.3	17	908	15.4	21	13.5	0.01	-2.2	20.9	-53	30	0	3	0.2	30	30
12426007	66..95	1	42.7	21.7	1134	19.1	17.5	17.1	7.89	-1.85	27.2	-61.1	9	21	3.6	0.2	30	9
12426007	31..60	2	44.5	17.7	1166	18.9	18	13.5	0.16	-2	22.6	-59	30	0	4	0.2	30	30
12426010	1..30	2	20.9	24.7	840	21.8	6.49	19	4.23	-0.93	30.5	-66	13	17	3	0.2	30	13
12426010	31..55	1	19	21.9	760	21.6	5.88	16.2	0.29	-0.9	27.1	-67	19	6	4	0.2	25	19
12426012	1..30	1	49.7	19.9	2301	30.7	17.9	14.6	0.02	-1.4	25	-72	24	6	2	0.2	30	24
12426014	1..30	1	29.7	23.2	1162	25.7	9.66	17.6	0.09	-1	29	-67	29	1	5	0.2	30	29
12427001	1..30	1	10.4	25.3	493	27.9	2.38	18.1	0.11	-0.41	31.9	-71.8	30	0	4	0.2	30	30
12427001	36..65	2	52.3	19.3	2200	23.9	19.8	14.5	0.25	-1.8	24.2	-69	5	22	NA	0.2	30	5
12427003	1..30	1	10.1	24.3	531	29.7	2.39	17.1	0.07	-0.42	30.9	-79.8	30	0	0.9	0.2	30	30
12427003	36..65	2	46.7	21.9	2083	25.2	15.1	16.5	0.02	-1.6	27.3	-83	30	0	2.2	0.2	30	30
12427005	26..55	1	14.5	17.8	181	7.68	7.51	15.5	0.02	-1.67	21.5	-54.7	30	0	1	0.2	30	30
12427007	1..30	1	20.7	24.2	856	21.6	6.16	18.5	0.31	-0.92	29.4	-64.8	27	3	1.5	0.2	30	27
12427007	31..60	2	36.7	22.6	1297	18.1	12	18.1	0.07	-1.8	27.5	-63	29	0	2	0.2	30	29
12427009	1..30	1	29.7	18.1	759	14.5	12.3	14	0.01	-1.8	22	-58	30	0	1	0.2	30	30
12427013	1..30	1	38.8	21.6	1908	32.8	11.9	14.5	0.25	-1	28.3	-60	21	9	9	0.2	30	21
12504001	1..30	1	15	22.5	761	31.6	3.74	15.1	0.03	-0.66	81	-76.2	30	0	2.6	0.2	30	30
12504001	80..82	2	57.7	20.6	3021	33.5	18.1	14.5	0.03	-1.6	29.4	-78	3	0	1.6	1	3	3
12504003	1..30	1	13.5	25.5	677	32.2	3.4	17.1	3.11	-0.72	36.9	-66.4	29	1	4	0.2	30	29
12504003	74..103	2	24.6	23.2	1287	32.9	6.09	15.4	0.08	-1	31.9	-68	29	0	4	0.7	30	29
12504003	107..135	3	36	22	1875	33.4	9.23	14.7	0.27	-1.14	30.8	-68	29	0	4	0.9	29	29
12504005	1..30	1	21.9	18	330	10.6	9.83	14.6	0.08	-1.87	22.2	-65.8	30	0	2	0.2	30	30
12504008	1..30	1	27.3	19.3	589	15	10.7	14.9	0	-1.59	23.7	-64.7	30	0	2	0.2	30	30
12504008	45..74	2	36.8	18.2	805	14.8	14.6	14.4	0.12	-2.1	21.7	-66	30	0	3	0.75	30	30
12504010	1..30	1	2.5	15.8	119	39.7	1.53	12.2	1.84	-0.19	44.1	-69.3	28	2	0.8	0.2	30	23
12504010	34..63	2	36.9	21.7	1392	24.4	13.6	17.2	8.14	-1.5	24.9	-67	12	2	10	0.2	30	12
12507001	1..30	1	36.1	20.5	1349	24.1	11.6	14.5	0.01	-1.3	26.9	-56	30	0	2	0.2	30	30
12507003	1..30	1	26.9	19.3	809	17.2	10.3	14.5	0.01	-1.4	24.6	-50	30	0	1.2	0.2	30	30
12507005	16..45	1	11.2	19.9	265	17.1	3.86	16.7	0.78	-0.71	25	-22.4	29	1	8	1	30	26
12507005	16..45	2	25.1	20.5	545	16.5	9.72	16.7	0.44	-1.3	25.6	-23	3	1	8	1	30	3
12507007	1..30	1	35.2	20.8	1056	20.1	12.2	15.4	0.04	-1.5	27.2	58	30	0	3.2	0.2	30	30
12508001	1..30	2	37.1	19.2	1140	21	14.9	14.6	0.02	-1.6	24.5	-62	30	0	2	0.2	30	30
12508001	42..71	1	18.7	20.1	551	21.4	6.01	14.9	0.17	-0.9	25.2	-57.7	28	2	1.4	0.9	30	25
12508003	1..30	1	47.4	20.3	1642	22.6	16.8	14.5	0.01	-1.9	27.3	-76	30	0	1.4	0.2	30	30
12508005	1..30	1	27.7	17.5	598	15.4	11.7	13.5	0.01	-1.61	21.6	-57.8	30	0	2	0.2	30	30
12508005	32..61	2	45.1	16.3	844	12.1	24	13.5	0.01	-3.2	18.8	-57	30	0	3	0.2	30	30
12508007	1..30	1	21.9	17.9	309	10.1	10.6	14.8	0.01	-1.94	21.5	-55.3	30	0	2	0.2	30	30
12508007	34..63	2	41.4	17.3	532	9	18.8	15.4	0.12	-3.8	19.6	-55	27	0	5	0.2	30	27
12508009	1..30	2	34.5	16.6	621	11.6	18.8	13.8	0	-2.6	19.2	-46	30	0	2	0.2	30	30
12508009	37..66	1	22.6	23.7	493	15.3	9.61	19.7	0.44	-1.3	27.9	-50	27	3	1	0.9	30	27
12508011	1..30	2	39.1	17	699	11.6	22.1	14.3	0.06	-2.9	19.4	-51	27	3	2	0.2	30	27
12508011	47..76	1	22.7	20.3	496	14.9	9.53	16.4	0.08	-1.4	24.4	-51	17	13	1	0.7	30	17
12509001	1..30	3	32.7	19.6	1007	21.5	12.44	14.1	0.01	-1.34	25.4	-41.8	27	0	1.1	0.2	30	27
12509001	44..73	1	9.3	23.4	435	35.2	2.42	14.4	0.02	-0.4	35.9	-42	30	0	0.8	0.6	30	25
12509001	82..111	2	21.3	22.7	957	34.3	5.47	14.4	0.1	-0.6	32.4	-39	30	0	0.76	0.7	30	30
12509003	1..30	2	45.1	20.9	1704	25.4	15.3	14.6	0	-1.5	28	-54	30	0	1	0.2	30	30
12509003	54..83	1	22.2	23.1	853	25.3	5.82	15.8	0.47	-0.9	29.8	-54	23	4	0.6	1	30	23
12509005	1..30	1	21.8	17.8	287	11.1	9.79	14.3	0.01	-1.8	22.7	-53	30	0	2.8	0.2	30	30
12509007	1..30	2	18.2	21.1	594	23.7	5.28	14.5	0.02	-0.7	28.1	-52	30	0	2	0.2	30	30
12509007	34..63	1	7.6	20.7	250	24.8	1.91	13.4	0.64	-0.4	30.2	-52	24	6	5	0.2	30	24
12509009	1..30	2	21.5	20.5	842	27.2	6.85	14.4	0.01	-0.7	26.4	-64	30	0	3	0.2	30	30
12509009	43..72	1	17.4	19.7	558	22.4	5.09	13.7	0.02	-0.7	25.4	-62	30	0	1	1	30	29
12509009	82..111	3	39.9	18.1	927	14.8	13.8	14.6	0.11	-2.3	21.8	-61.9	6	0	0.8	1	30	6
12509011	1..30	1	17.6	18.3	312	12.6	7	14.3	0	-1.3	22.6	-40.6	30	0	2	0.2	30	30
12511001	1..30	1	8.7	17.7	72	7.8	5.33	15.3	0.24	-1	21.1	-24	16	14	1.4	0.2	30	16
12511003	1..30	2	13.5	20.8	334	18.3	4.22	14.9	0.01	-0.7	38.8	-67.4	30	0	0.8	0.2	30	29
12511003	35..64	3	39.9	17.7	646	11.4	21.49	15.1	0.07	-2.7	21.816	-70.7	29	3	1.4	0.2	30	29
12511003	82..111	1	9.8	18.5	133	10.4	4.1	14.9	0.02	-0.9	22.7	-72.6	30	0	0.4	0.6	30	29
12511005	1..30	1	17.4	22.5	823	34.7	4.93	15.6	0.06	-0.5	31.5	-71.2	30	0	4	0.2	30	30
12511005	38..72	2	26.3	19.5	1083	29.2	8.09	13.5	0.01	-0.9	40.8	-66.9	35	0	1	0.8	35	24
12511005	38..72	3	49.7	16.5	1410	16.6	24.5	13.8	0.12	-3.1	18.8	-65.4	11	0	1	0.8	35	11
12511007	1..30	1	43.8	17.6	1544	22.4	21.4	14.1	0.1	-2.2	20	-64.6	16	13	2	0.2	30	16
12511009	1..30	1	19.1	20.6	738	26.8	6.18	15	0	-0.7	26.4	-67	30	0	1.7	0.2	30	29
12511009	34..63	2	45.1	17.2	1210	16.2	22.1	14	0.01	-2.57	19.6	-66.7	30	0	2.6	0.2	30	29
12511011	1..30	1	20.5	15.9	177	6.2	12.8	13.9	0	-2.9	18.3	-65.7	30	0	2	0.2	30	30
12511013	1..30	1	18.2	16.3	167	6.51	11.2	14.4	0.01	-2.4	18.9	-61.2	30	0	2	0.2	30	30
12515001	1..30	3	41	18.7	1266	20.3	15.2	13.7	0	-1.8	23.8	-84.5	28	2	1.2	0.2	30	28
12515001	38..67	2	20.4	20.3	730	23.9	5.22	14	0	-0.9	32.4	-86.6	29	0	0.8	0.6	30	29
12515001	76..105	1	2.6	21.1	81.6	21	0.76	14	2.9	-0.3	35.6	-87.6	23	7	0.5	0.9	30	10
12515003	1..30	2	24.8	19.8	585	17.4	8.44	14.6	0.13	-1.3	25	-64.4	23	7	1.5	0.2	30	23
12515003	39..68	1	16	19.6	436	20.5	4.58	13	0	-0.8	37.2	-62.7	30	0	0.8	0.6	30	30
12515005	1..30	1	9.5	18.5	272	20.3	3.33	13	0.5	-0.5	36	-62.4	30	0	5	0.2	30	30
12515005	39..68	2	49.9	16.2	1449	19.3	25.6	12.8	0	-2.2	20	-59.6	30	0	3	1	30	30
12515007	1..30	1	18.7	19.2	644	24.3	5.72	12.8	0.01	-0.76	25.5	-68.9	30	0	4	1	30	30
12515009	1..30	1	22.1	18.4	634	21.1	8.08	13.6	0.01	-0.96	23.8	-51.2	30	0	4	0.8	30	30
12515009	33..62	2	43.2	15.2	1044	16.3	24.1	12.5	0.01	-2.1	19.8	-49.9	30	0	6	0.8	30	30
12517001	1..30	1	13.4	22.1	582	28.7	3.39	14.7	0.21	-0.63	31.4	-73.4	28	2	1.1	0.2	30	28
12517001	85..114	2	30	22.2	1441	33.7	7.53	14.4	0.06	-1	47.6	-68.2	30	0	0.7	1	30	30
12517004	1..30	1	12.8	23	518	28.1	3.12	15.2	0.73	-0.59	32.7	-67.2	30	0	4.2	0.2	30	30
12517004	31..60	3	46.9	21.3	1690	24.2	16.5	16.2	0.09	-1.7	26.4	-66.1	6	0	5	0.2	10	6
12517004	64..93	2	29.7	21.3	1229	29.2	7.46	13.4	0.02	-1.1	35.7	-66.8	30	0	5	0.4	30	30
12524001	1..30	2	47.3	22.1	2361	33.2	14.6	15.1	0.01	-1.4	28.8	-80.1	30	0	2	0.2	30	30
12524001	45..74	1	11.2	24.1	555	32.5	2.64	15.8	0.09	-0.61	36.9	-81.1	28	2	1.2	0.8	30	28
12524003	1..30	2	34.7	24.3	1437	27.4	10	17.8	0.14	-1.2	30.9	-65.8	30	0	4	0.2	30	30
12524003	35..64	1	12	26.2	560	33	2.8	17.2	1.9	-0.49	35.7	-65.5	29	1	2	0.4	30	28
12524005	1..30	1	15.1	17.5	148	8.1	7.56	14.8	0.01	-1.78	21.1	-45.4	30	0	5	0.2	30	30
12524007	6..35	1	16.6	24.9	432	19	4.96	19.3	10.5	-0.93	30.5	-58.4	17	13	5	0.2	30	17
12524007	40..69	2	21	19.3	498	17.5	6.62	14.1	0.04	-1.2	24.9	-57.7	30	0	4	0.4	30	30
12524007	74..103	3	42.7	17.3	795	12.8	18.75	14.4	0.06	-2.82	20.8	-57.6	5	0	6	0.6	30	5
12524009	1..30	2	47.9	21.7	2150	29.7	14.29	14.8	0.01	-1.47	28.8	-87.6	30	0	7	0.2	30	30
12524009	46..75	1	32.9	23.3	1466	28.3	8.51	15.9	0.91	-1.1	29.7	-88.7	29	1	3	0.95	30	29
12524011	1..30	3	48.8	20.4	1977	26.8	17.82	15.1	0.03	-1.63	25.1	-62.4	22	0	6.6	0.2	30	22
12524011	31..60	1	15	24.2	730	35.4	3.44	15.2	0.04	-0.51	37.1	-65.6	30	0	6.2	0.2	30	26
12524011	65..94	2	31.7	23.4	1565	35.8	7.37	14.5	0.09	-0.9	33.2	-66.4	30	0	5	0.35	30	25
12524013	1..30	1	21.6	21.8	839	28.6	6.29	15.24	0.03	-0.8	28.5	-37.9	30	0	2.8	0.2	30	30
12524015	1..30	1	32.2	24.8	1754	40	7.23	14.9	0.01	-0.81	34.5	-81.1	30	0	2	0.2	30	30
12524015	71..100	3	65.2	19.1	2922	29.4	25.9	14	0.01	-2.4	23.4	-74.9	30	0	2	1	30	30
12524015	104..133	2	57.2	21.2	2663	31.8	15.8	16.2	0.4	-1.6	27.5	-72	13	0	1.6	1	30	13
12524017	1..30	1	22.6	22.4	1111	36.7	5.84	14.3	0.03	-0.69	71.4	-66.7	30	0	5.6	0.2	30	30
12524017	33..62	2	31.1	22.2	1530	36.4	8.5	14.5	1.45	-0.8	30.3	-66	30	0	4	0.4	30	30
12524020	1..30	1	17.7	23.9	677	27.5	4.28	15.76	0.07	-0.7	31.6	-54.9	21	8	2.2	0.2	30	17
12524020	50..79	2	40.4	20.5	1326	22.2	15.56	1.75	0.08	-1.5	25	-52.6	6	1	1.3	0.65	29	6
12718001	1..30	1	10	18.3	290	19.9	3.83	13.7	0.04	-0.76	24.6	-65.9	30	0	2	0.2	30	30
12718003	1..30	1	12.4	21.3	376	22.1	4.04	15.3	1.47	-0.84	30.2	-75.2	30	0	5	0.2	30	30
12718005	1..30	1	27.1	22.3	1424	39.5	7.63	14.9	0.02	-0.95	32.9	-72.1	30	0	3	0.2	30	30
12718005	61..90	2	35.7	20	1596	32.8	11.07	13.4	0.02	-1.3	29.6	-69.5	30	0	1.8	0.8	30	23
12718005	91..120	3	59	16.4	2169	24	31.5	12.9	0.03	-2.49	20.6	-69.2	30	0	4	0.8	30	30
12718008	1..30	1	18.2	15.5	176	8.24	9.08	12.8	0.01	-2.17	18.9	-54.6	30	0	6	0.4	30	30
12718008	33..62	2	26.9	15.2	262	8.3	13.71	12.8	0.04	-3	18.5	-54.5	29	0	6	0.7	30	29
12718010	1..30	3	34.7	16.2	536	10.8	16.08	13.6	0.31	-2.74	19.4	-49.8	22	0	9	0.2	30	22
12718010	31..37;40..49	2	20.3	16.6	325	11.7	9.49	13	0.03	-1.68	20.9	-48	11	6	7	0.2	17	10
12718010	60..89	1	16.3	15.7	207	8.9	8.66	12.8	0.01	-1.82	19.2	-49.5	30	0	5	0.6	30	28
12719001	51..80	1	32.3	15.3	368	8.44	21.1	13.2	0	-3.14	17.7	-46.5	30	0	0.6	0.2	30	30
12724001	1..30	1	18.1	19.8	220	9.53	8.65	16.6	1.45	-1.79	23.2	-54.2	14	16	6	0.5	30	14
12724001	47..76		19.9	16.6	233	9.09	9.73	13.6	0.03	-2.1	20	-57.7	30	0	5	0.9	30	30
12724001	78..108	2	37	18.2	443	9.1	13.66	16.5	1.26	-3.72	21.53	-61.25	25	0	10	1	29	25
12724003	1..30	2	44.6	15.9	1018	15.2	24.74	13.1	0	-2.25	19.5	-58.2	14	16	8	0.2	30	14
12724003	34..67	1	20.5	16.8	247	9.22	10.03	13.7	0.5	-2.1	20.1	-56.7	13	21	6	0.35	34	12
12724005	1..30	2	20	20.6	659	24.1	6.14	14.5	0.01	-0.8	27.2	-59.5	30	0	3	0.2	30	30
12724005	48..77	1	16.3	20.4	511	22.5	5	14.8	0.29	-0.76	27.4	-59.5	10	20	4	0.25	30	10
12724007	1..30	1	9.7	18.9	145	11.9	3.58	14.8	0.03	-0.88	23.6	-53.7	30	0	3	0.2	30	30
12724007	41..50	2	26.1	17.2	337	10.7	11.09	14.3	2.02	-2.2	20.9	-53.9	3	0	NA	1	10	3
12724009	1..30	1	51.2	18.8	2060	27.2	23	14.6	0.1	-1.69	23.4	-67.6	24	6	2	0.2	30	24
12726001	8..37	1	15.8	17.8	263	13	6.6	13.9	0.01	-1.15	22.1	-61.5	30	0	0.7	0.2	30	22
12726001	38..67	2	40.1	16.7	611	11.4	21.77	13.9	0	-2.9	20.3	-61.2	30	0	0.8	0.2	30	30
12726003	1..30	2	32.3	16.5	437	10.9	16.9	13.5	0.01	-2.48	20.7	-60.8	30	0	3	0.2	30	30
12726003	57..90	1	22.4	18.9	317	11.2	10.3	15.4	0.1	-1.83	22.8	-61.3	12	18	1	0.8	30	12
12726003	98..126	3	35.5	16.457	448	10	16.8	13.7	0.01	-2.98	19.7	-61.8	29	0	2	1	29	28
12726005	1..30	1	12	16.1	107	6.97	6.63	13.7	0.01	-1.56	18.8	-53.9	30	0	0.7	0.2	30	30
12726005	53..82	2	27.7	15.3	237	6.87	18.97	13.5	0	-3.3	18.1	-50.7	30	0	2	0.1	30	30
12729007	1..30	1	14.3	16.9	246	13.3	6.49	13.4	0.02	-1.11	21.1	-68.1	26	4	0.3	0.2	30	23
12729007	54..83	3	32.1	15.6	473	10.2	18.71	13	0	-2.7	18	-68.6	30	0	0.72	0.1	30	29
12726007	98..127	2	26.7	15.5	320	9.92	15.15	12.8	0	-2.4	18.4	-66.5	30	0	1.5	0.8	30	30
12726010	1..30	1	46.1	16.7	1128	13.7	28.32	14.3	0	-3.57	18.82	-57.3	30	0	0.8	0.2	30	30
12727001	1..30	2	29.1	18	642	15.9	12.5	13.9	0.01	-1.64	22.4	-52.5	30	0	3	0.2	30	30
12727001	44..73	3	40.8	16.3	919	15.6	23.98	13.6	0.01	-2.1	20.8	-49.9	30	0	5	0.1	30	30
12727001	119..148	1	3.5	19.7	851	20.5	11.98	15.1	0.4	-1.37	25.81	-48.1	16	14	1.7	0.8	30	16
12727003	1..30	1	31.5	18.2	591	13.8	13.6	14.2	0.01	-2.06	23.4	-66	30	0	3	0.2	30	30
12727003	86..115	2	42.1	17.3	592	10.6	18.11	15.3	0.06	-3	21.9	-62	30	0	6	0.85	30	30
12727006	1..30	1	12.7	20.7	458	24.8	4.21	14.4	2.06	-0.59	56.6	-69.7	30	0	4	0.2	30	30
12727006	63..92	2	19.4	19	687	24.4	5.62	13.7	0.75	-0.8	24.3	-67.7	30	0	2	0.4	30	30
12727006	102..131	3	49.4	17.6	1595	20.9	16.36	13.3	1.09	-2.16	20.76	-69.8	7	0	4	0.4	30	7
12727008	1..30	1	12.5	20.2	437	24.4	3.74	14.2	0.07	-0.62	27.4	-75.1	19	5	4	0.2	30	19
12727008	37..68	1	16.5	20.2	591	24.7	4.21	14.4	0.11	-0.7	26.8	-73.8	11	0	2	0.4	30	11
12727008	71..100	2	30.7	18.4	993	22.8	9.69	12.7	0.01	-1.23	24.8	-72.1	30	0	3	0.4	30	30
12727008	101..130	3	44.1	17.6	1336	20.7	16.16	12.6	0.01	-1.84	28.61	-70.6	30	0	4	0.4	30	30
12727010	1..30	2	23.9	16.3	307	8.68	13.2	13.7	0.01	-2.4	19	-54.8	30	0	2	0.2	30	30
12727010	59..88	1	18.7	16.4	193	7.55	10.7	14	0.12	-2.2	19	-50	20	10	1	0.6	30	20
12727012	1..30	1	23.5	20.4	936	26.8	6.67	13.9	0.03	-0.84	44	-69.5	30	0	3	0.6	30	30
12727012	63..92	2	41.9	18.1	1613	25.7	15.04	12.8	0	-1.5	23.3	-65.1	30	0	7	0.6	30	30
12727015	1..30	1	8.6	22	345	33	2.45	13.3	0.77	-0.35	32.5	-54.3	30	0	4	0.8	30	7
12727015	31..60	2	35.9	18	1344	26.2	13.84	13.2	0.02	-1.2	23.8	-50.1	30	0	5	0.8	30	30
12731001	1..30	1	36.6	17.3	797	14.4	18.65	14.2	0.01	-2.3	20	-45.7	30	0	4	0.2	30	30
12731003	1..30	1	20.2	17.2	340	10.7	9.83	13.9	0	-1.71	20.6	-43.1	30	0	2.2	0.2	30	30
12731005	1..30	1	30.2	16.7	475	9.92	16.15	13.9	0.01	-2.6	20.2	-60.6	30	0	1.4	0.2	30	30
